293,36,310,52
291,51,311,70
301,24,320,42
310,30,329,48
309,40,328,58
306,42,325,60
318,68,336,86
328,78,347,96
333,72,353,91
331,43,352,63
326,36,348,57
322,55,344,76
322,61,344,82
322,70,344,91
329,61,351,82
329,55,351,76
325,94,347,115
312,122,334,143
291,121,313,142
283,123,305,144
282,103,305,125
281,89,304,111
276,91,299,113
281,102,304,124
283,96,307,119
280,73,304,96
282,40,307,64
281,32,306,56
282,17,308,42
275,-3,301,22
NaN,NaN,NaN,NaN
NaN,NaN,NaN,NaN
448,6,468,25
284,12,306,33
290,6,311,26
NaN,NaN,NaN,NaN
NaN,NaN,NaN,NaN
NaN,NaN,NaN,NaN
44,68,68,91
NaN,NaN,NaN,NaN
NaN,NaN,NaN,NaN
NaN,NaN,NaN,NaN
308,1,330,22
306,4,330,27
310,31,340,60
313,49,344,79
315,66,347,97
314,62,347,94
310,59,342,90
304,56,337,88
301,50,334,82
296,41,327,71
291,30,322,60
290,30,321,60
291,41,321,70
288,46,318,75
286,55,316,84
285,69,315,98
270,74,300,103
249,64,279,93
244,92,275,122
268,75,299,105
266,31,298,62
268,32,300,63
277,61,300,83
294,87,316,108
301,96,323,117
305,104,327,125
305,106,327,127
312,113,334,134
311,123,333,144
312,124,335,146
292,101,315,123
279,55,302,77
279,54,302,76
284,71,307,93
288,74,311,96
293,72,316,94
295,65,319,88
297,55,321,78
301,58,325,81
305,62,329,85
306,59,330,82
308,56,332,79
307,53,331,76
304,55,328,78
300,40,326,65
297,33,323,58
296,39,322,64
295,27,321,52
295,15,322,41
303,-5,331,22
308,-9,336,18
306,-13,335,15
305,-13,334,15
306,9,332,34
302,35,328,60
291,68,317,93
285,74,311,99
270,51,354,132
270,59,355,141
260,57,349,143
253,62,348,154
245,69,342,163
243,61,342,157
251,31,352,129
258,7,364,109
258,7,364,109
271,2,382,109
279,1,394,112
283,4,398,115
286,-1,402,111
286,-5,402,107
286,-9,402,103
282,-8,400,106
282,-8,400,106
284,-4,402,110
288,5,407,120
296,33,413,146
296,20,413,133
288,-21,405,92
286,-50,406,66
289,-50,410,67
291,-49,419,75
293,-19,430,113
291,-9,432,127
292,-8,440,135
289,-23,442,125
291,-27,445,121
303,-26,458,123
303,-23,459,127
293,-21,451,131
293,-32,464,133
297,-49,468,116
294,-81,472,91
291,-80,467,90
286,-64,460,104
287,-33,466,140
293,-27,475,148
304,-16,481,154
310,-13,483,154
317,-18,491,150
321,-22,499,150
317,-49,501,129
307,-57,501,131
293,-37,488,152
285,-27,484,166
284,-23,483,170
279,-4,481,192
279,3,483,201
279,3,488,206
286,-8,495,195
290,-17,500,187
288,-27,499,178
291,-12,500,191
290,-2,504,206
290,-4,507,207
291,-6,511,208
291,-6,511,208
287,-22,531,215
285,-25,535,218
284,-26,536,219
273,-19,536,237
257,-14,531,253
257,-14,531,253
253,-17,527,250
242,-34,522,239
235,-36,518,240
237,-30,513,239
234,-30,517,246
234,-30,517,246
231,-35,520,247
226,-48,525,243
225,-49,527,245
220,-62,537,246
217,-70,539,243
209,-104,549,227
203,-116,556,228
197,-131,568,230
193,-138,579,237
194,-155,592,232
194,-165,596,226
193,-172,597,221
190,-181,605,223
187,-184,608,226
186,-181,609,231
186,-180,609,232
190,-176,619,242
189,-169,627,258
183,-156,644,293
189,-111,638,326
182,-152,647,301
328,-42,567,191
349,-74,605,176
354,-107,627,160
201,57,230,85
195,76,224,104
166,105,196,134
132,146,163,176
114,178,147,210
70,228,111,267
NaN,NaN,NaN,NaN
301,190,327,214
300,233,324,256
297,238,322,262
296,229,320,253
292,220,316,244
321,246,347,272
328,278,353,303
331,288,358,315
321,292,348,319
311,291,338,318
308,294,335,321
306,299,334,327
309,257,333,280
313,236,337,259
317,214,341,237
319,211,342,233
318,225,341,247
301,215,324,237
297,190,320,212
293,156,316,178
285,148,308,170
268,147,291,169
267,155,290,177
271,146,293,168
272,131,294,153
276,121,298,143
277,107,300,130
279,99,302,121
280,106,303,128
284,85,308,108
277,70,301,93
267,96,292,120
270,120,296,145
272,157,299,183
268,165,295,191
267,144,293,170
269,125,295,150
269,83,295,109
272,69,297,94
272,56,297,81
275,55,300,80
286,48,312,73
289,40,315,65
281,18,308,44
285,14,314,42
286,10,316,39
279,5,310,35
279,21,311,51
283,40,316,71
297,73,330,105
298,86,331,118
293,91,325,122
303,80,335,111
309,70,341,101
305,62,337,93
298,77,331,108
297,83,330,114
300,92,333,123
307,104,341,135
308,122,342,153
303,123,336,154
300,99,334,131
273,110,306,141
279,163,312,194
296,147,330,179
303,124,338,157
331,143,368,178
339,152,377,188
340,146,378,182
333,119,372,155
322,104,361,140
299,85,338,121
292,78,331,115
286,82,325,119
285,96,323,132
287,97,324,132
287,95,325,131
275,83,313,119
261,67,298,102
260,59,298,95
260,65,298,101
260,70,298,106
264,71,302,107
264,61,302,97
270,61,308,97
275,72,313,108
284,90,320,124
286,94,322,128
287,90,322,123
288,87,323,120
289,93,324,126
292,76,329,110
297,71,334,106
311,82,348,117
321,93,358,128
323,86,361,122
319,72,358,109
316,71,355,108
313,74,352,111
314,98,353,135
313,110,352,147
311,109,350,146
304,100,342,136
300,95,337,130
296,97,332,131
294,97,328,129
289,99,321,129
286,103,318,133
285,112,316,141
285,121,315,150
283,126,314,156
278,125,309,154
276,104,307,133
276,93,307,122
276,76,308,105
275,78,306,106
272,84,303,113
273,94,304,123
275,92,306,121
280,76,311,105
282,74,313,103
285,91,316,120
283,99,315,129
283,102,315,132
276,111,308,141
262,148,294,179
250,179,281,209
244,193,275,223
241,205,272,235
242,203,273,233
250,191,281,221
266,177,297,207
273,175,304,205
279,211,310,241
305,283,329,306
308,218,333,242
313,194,339,219
312,189,338,214
314,206,342,233
323,211,351,238
328,192,356,219
326,177,354,204
329,156,359,185
331,153,362,183
341,180,374,212
345,202,378,234
345,227,379,260
331,215,365,248
312,185,346,218
303,172,337,205
295,150,329,183
297,139,331,172
298,148,334,183
300,176,337,211
305,182,342,217
311,185,348,220
308,177,345,212
299,138,337,174
298,130,336,166
297,132,334,167
299,130,336,165
301,153,338,188
301,161,338,196
302,167,339,202
308,197,346,233
315,214,354,251
315,211,355,249
312,207,352,245
306,197,346,235
301,194,340,231
292,185,329,220
284,171,320,205
282,167,319,202
277,170,315,206
275,176,313,212
290,166,328,202
286,153,323,188
290,141,328,177
283,122,322,159
291,126,330,163
292,132,332,170
287,147,327,185
289,159,330,198
291,181,332,220
291,176,332,215
293,172,335,212
293,169,336,210
300,156,344,198
306,168,352,212
310,174,356,218
312,168,359,213
304,169,351,214
302,179,349,224
297,177,344,222
299,157,347,203
303,156,351,202
309,152,359,199
317,160,370,209
322,156,376,206
325,150,379,200
329,143,384,194
324,136,379,187
315,143,369,193
305,133,358,182
296,152,349,201
286,161,339,210
280,156,334,205
266,161,320,210
260,163,314,212
266,160,320,209
274,166,328,215
279,166,334,216
290,152,346,202
301,139,357,190
304,141,360,192
306,140,362,191
305,130,362,182
302,126,360,179
304,132,364,187
307,126,369,182
310,126,372,182
313,125,375,181
316,113,379,170
312,108,376,166
309,103,374,162
312,102,377,162
317,94,384,156
317,90,385,154
319,105,387,169
316,113,384,177
311,99,379,163
297,80,365,144
292,82,360,146
285,110,353,174
293,126,361,190
297,129,365,193
310,123,378,187
314,113,382,177
318,88,386,152
316,75,383,138
312,79,379,142
311,83,378,146
317,85,385,149
320,82,388,146
337,74,407,140
354,78,426,146
353,74,425,142
340,60,410,126
337,62,407,128
334,57,404,123
323,45,392,110
317,29,385,93
319,9,386,72
323,0,390,63
329,-1,395,61
331,3,396,64
344,17,406,75
335,23,394,78
322,37,378,89
318,50,373,101
311,68,363,116
297,92,345,137
294,102,341,146
282,125,326,166
274,136,317,176
266,129,308,168
278,104,317,141
288,92,327,129
304,76,343,113
305,77,343,114
298,85,335,121
307,81,344,117
324,72,362,109
329,62,367,99
341,86,379,123
332,95,369,131
315,68,352,104
313,21,349,55
351,58,392,97
337,74,382,117
331,103,376,146
331,103,377,147
312,78,341,106
309,69,341,100
309,76,341,107
306,81,338,112
308,50,340,81
305,-5,341,30
309,-24,345,11
40,-211,609,342
-37,-283,702,435
-35,-271,707,450
-43,-270,721,473
-44,-267,723,478
-50,-249,717,496
-145,-294,814,637
-157,-295,824,658
-156,-295,823,656
-167,-317,822,643
306,51,341,84
300,57,335,90
295,62,334,99
300,64,339,101
307,57,345,93
302,40,341,77
298,26,338,64
298,25,337,62
296,33,335,70
295,45,334,82
299,59,337,95
300,65,338,101
304,76,342,112
307,82,345,118
304,99,342,135
295,110,332,145
289,32,327,68
172,-41,335,114
165,-13,333,147
168,-5,339,158
174,-12,344,150
300,57,335,90
291,82,325,114
290,97,325,130
296,114,330,146
292,115,326,147
286,112,319,143
281,117,316,150
276,132,309,163
269,134,304,167
262,136,299,170
264,144,302,179
264,161,303,197
264,142,306,180
264,123,308,163
264,85,309,126
264,69,309,110
268,63,313,104
275,55,323,98
273,81,320,123
275,103,322,145
284,124,334,169
295,142,348,189
298,165,352,213
299,165,354,214
283,167,341,218
262,151,321,203
244,137,303,189
233,127,292,179
223,108,284,161
223,99,284,152
217,110,280,165
218,129,281,184
215,142,278,197
208,119,271,174
199,93,262,148
210,96,273,151
217,99,280,154
213,81,275,136
202,67,264,122
204,72,266,127
213,87,273,141
213,84,273,138
206,61,265,115
211,49,269,102
218,47,276,100
218,45,276,98
213,42,271,95
205,25,263,78
203,22,261,75
203,31,260,83
208,36,265,88
220,50,276,101
229,68,285,119
231,75,287,126
231,80,286,130
222,83,276,132
212,81,266,130
209,79,263,128
204,71,258,120
205,48,258,96
212,23,266,72
223,16,277,65
248,27,301,75
259,32,311,79
258,34,309,80
247,31,297,76
240,27,289,71
233,27,281,70
236,37,282,78
244,47,289,87
255,63,299,102
251,63,295,102
247,58,289,95
248,60,289,96
256,63,296,98
272,62,312,97
276,60,305,88
275,54,304,82
271,67,300,95
268,80,296,107
260,84,288,111
261,53,287,79
261,28,290,56
279,7,306,33
290,5,317,31
299,1,326,27
341,34,368,60
327,18,354,44
322,40,348,65
275,31,361,114
269,42,358,128
271,74,359,159
270,78,359,164
268,83,360,172
271,83,367,176
291,82,390,178
290,65,402,173
290,71,403,180
284,75,397,184
280,60,396,171
286,6,310,29
277,25,299,46
275,26,298,48
50,-51,231,122
48,-68,233,109
9,-109,281,152
5,-119,285,149
-8,-146,293,142
-1,-128,278,139
-38,-125,285,184
-39,-120,285,190
-42,-107,287,208
-42,-98,287,217
-66,-89,289,251
-82,-100,291,257
-86,-106,292,256
-102,-129,297,253
-113,-145,296,247
-131,-155,298,256
-132,-156,299,257
-145,-153,300,274
-150,-125,294,301
-159,-81,303,362
-150,-50,304,385
-147,-30,309,406
-155,-61,321,394
-154,-74,328,387
-156,-98,337,374
-161,-123,343,360
-212,-182,356,362
-209,-189,368,364
-209,-189,368,364
-208,-186,381,379
-209,-189,385,381
-209,-183,385,387
-218,-171,388,410
-225,-171,390,419
-233,-167,392,433
-232,-155,377,429
-239,-164,374,424
276,69,305,97
271,65,300,93
267,59,297,88
265,63,295,92
257,70,287,99
251,89,281,118
249,95,279,124
250,103,281,133
247,107,278,137
246,101,277,131
245,105,276,135
240,109,271,139
227,94,258,124
224,97,255,127
225,122,256,152
227,127,259,157
228,96,261,127
234,98,267,129
232,103,265,134
224,96,257,127
221,102,254,133
220,113,253,144
217,121,251,153
217,112,252,145
214,109,249,142
217,113,253,147
216,113,254,149
213,109,252,145
203,86,244,124
209,90,251,129
221,71,264,111
227,61,271,102
238,80,283,122
251,108,296,150
254,122,299,164
260,137,306,180
255,119,302,163
251,108,298,152
244,89,291,133
241,81,288,125
237,69,284,113
234,68,281,112
229,73,276,117
229,68,275,111
233,62,279,105
234,70,280,113
233,107,278,149
234,124,279,166
236,151,282,194
244,189,290,232
244,200,290,243
236,199,282,242
225,191,271,234
214,173,260,216
210,159,255,201
220,142,265,184
237,129,282,171
244,126,289,168
250,131,294,172
248,102,292,143
252,66,296,107
250,54,293,95
255,13,298,54
254,4,297,45
257,9,300,50
265,13,308,54
273,12,315,52
276,23,317,62
284,49,323,86
303,57,341,93
304,79,343,116
304,84,343,121
299,82,342,123
303,107,347,149
304,124,348,166
301,140,345,182
298,150,340,190
295,164,337,204
295,168,337,208
297,167,339,207
293,150,335,190
293,117,336,158
299,102,342,143
302,97,345,138
297,75,340,116
283,42,326,83
NaN,NaN,NaN,NaN
NaN,NaN,NaN,NaN
NaN,NaN,NaN,NaN
276,268,318,308
NaN,NaN,NaN,NaN
NaN,NaN,NaN,NaN
276,4,318,44
282,39,322,77
284,44,324,82
282,21,325,62
296,12,339,53
300,13,342,53
291,12,333,52
276,18,317,57
272,27,312,65
272,44,310,80
271,59,309,95
268,64,305,99
264,70,301,105
264,45,301,80
NaN,NaN,NaN,NaN
NaN,NaN,NaN,NaN
NaN,NaN,NaN,NaN
NaN,NaN,NaN,NaN
NaN,NaN,NaN,NaN
NaN,NaN,NaN,NaN
NaN,NaN,NaN,NaN
NaN,NaN,NaN,NaN
NaN,NaN,NaN,NaN
NaN,NaN,NaN,NaN
NaN,NaN,NaN,NaN
NaN,NaN,NaN,NaN
NaN,NaN,NaN,NaN
NaN,NaN,NaN,NaN
NaN,NaN,NaN,NaN
288,9,320,39
NaN,NaN,NaN,NaN
NaN,NaN,NaN,NaN
NaN,NaN,NaN,NaN
NaN,NaN,NaN,NaN
NaN,NaN,NaN,NaN
NaN,NaN,NaN,NaN
392,15,421,43
383,40,416,71
378,43,412,75
385,32,420,65
NaN,NaN,NaN,NaN
NaN,NaN,NaN,NaN
NaN,NaN,NaN,NaN
375,0,410,33
282,89,359,162
286,128,303,144
269,165,299,194
257,220,287,249
249,246,279,275
356,12,390,45
359,20,392,52
360,25,393,57
358,22,391,54
357,11,390,43
359,21,391,52
363,69,394,99
365,98,397,128
375,119,408,150
375,107,408,138
368,118,401,149
347,146,380,177
345,161,378,192
351,164,385,196
353,171,387,203
352,189,385,221
350,192,383,224
350,181,383,213
346,177,379,209
339,172,372,204
336,168,369,200
333,156,366,188
331,148,363,179
326,141,358,172
323,134,355,165
323,116,355,147
324,111,357,142
327,115,360,146
322,96,356,128
331,91,365,123
324,91,357,122
323,85,354,114
318,82,349,111
312,96,343,125
303,104,334,133
298,108,329,137
284,108,315,137
281,103,312,132
284,109,317,140
288,124,323,157
285,120,322,155
282,111,319,146
291,83,328,118
300,69,338,105
303,72,342,109
305,87,346,125
304,90,345,128
303,96,344,134
302,102,343,140
298,104,339,142
284,76,326,115
294,80,337,120
289,92,332,132
296,83,340,125
305,70,351,114
310,74,356,118
320,98,367,143
325,108,372,153
332,103,382,151
336,98,389,147
338,105,391,154
335,98,388,147
335,79,389,129
335,73,391,124
333,73,390,125
329,73,386,125
330,70,386,122
330,69,388,123
327,86,387,142
311,86,373,144
310,82,373,141
314,83,378,143
334,80,400,142
347,65,415,129
353,56,422,121
360,52,431,119
361,51,432,118
353,57,426,126
345,67,419,137
340,71,413,140
339,71,412,140
352,72,423,140
355,73,426,141
356,79,426,145
342,75,410,139
323,80,389,142
308,94,372,154
301,91,365,151
282,60,344,118
275,21,339,80
285,15,348,73
302,31,361,86
296,38,353,92
273,47,326,97
289,54,341,103
290,60,341,108
288,52,337,98
284,42,332,88
279,28,325,72
279,30,325,73
273,32,317,73
NaN,NaN,NaN,NaN
NaN,NaN,NaN,NaN
249,4,289,42
244,8,286,48
188,21,297,124
192,36,299,137
202,61,304,157
200,51,302,147
200,52,301,147
205,71,302,162
216,83,306,168
208,34,328,147
218,33,336,145
233,36,352,149
239,48,357,160
239,64,360,179
238,64,359,179
235,66,360,184
282,75,311,103
278,87,309,117
274,77,305,107
268,27,299,57
252,-6,316,56
262,-5,329,60
271,-3,338,62
291,0,326,33
285,-3,320,30
275,2,311,36
270,15,304,47
260,20,293,52
257,25,289,56
261,36,291,65
263,46,293,75
257,56,286,84
277,59,305,86
283,42,313,71
299,46,332,77
297,48,330,79
294,34,323,62
293,50,322,78
294,61,322,88
298,75,326,102
309,75,337,102
372,58,403,88
444,36,486,76
NaN,NaN,NaN,NaN
NaN,NaN,NaN,NaN
NaN,NaN,NaN,NaN
NaN,NaN,NaN,NaN
440,58,466,84
369,90,398,118
294,86,322,113
280,80,308,107
251,70,279,97
244,74,274,103
237,91,271,124
224,70,304,147
230,68,318,153
241,69,329,154
266,70,358,159
272,70,365,160
288,72,381,162
316,77,411,169
334,80,430,173
346,80,442,173
368,84,465,178
374,86,472,180
384,102,463,178
393,104,473,181
406,110,486,187
409,113,490,191
413,113,494,191
411,111,497,194
411,111,497,194
412,118,496,199
364,82,534,246
368,86,529,242
351,77,510,231
324,56,501,228
312,48,497,228
295,40,487,227
256,21,470,229
238,13,462,231
217,5,450,232
255,162,290,195
234,159,272,195
212,157,251,194
171,134,232,192
92,210,112,229
280,140,300,159
270,155,291,175
254,158,274,177
220,146,238,163
154,90,201,134
147,95,193,138
412,174,436,197
193,184,249,237
219,184,275,237
244,184,300,237
296,182,352,235
323,181,379,234
375,179,431,232
NaN,NaN,NaN,NaN
NaN,NaN,NaN,NaN
176,170,200,193
182,165,200,182
197,168,213,183
208,172,223,186
210,174,225,188
209,170,224,184
211,168,226,182
216,166,231,180
218,165,233,179
145,106,305,255
156,108,313,254
160,108,317,254
160,108,317,254
134,84,343,278
126,76,352,286
123,79,353,293
124,84,361,304
125,88,362,308
117,84,363,312
115,79,359,305
111,75,360,306
107,70,363,307
105,67,367,310
107,65,375,313
99,68,382,330
101,77,386,341
94,69,387,340
75,50,391,343
54,44,395,360
40,45,407,385
10,12,427,398
-20,-18,441,409
-57,-60,495,451
-50,-54,517,471
300,66,361,123
310,73,372,131
319,91,383,151
329,97,396,160
330,99,398,163
316,92,386,158
314,87,384,153
308,77,379,144
301,67,372,134
275,41,346,108
271,18,342,85
270,108,287,124
284,116,300,132
287,14,360,83
295,22,366,89
312,15,382,81
327,-3,396,62
332,1,400,65
317,21,380,81
308,24,369,82
312,30,371,86
309,38,367,93
306,43,362,96
293,37,346,87
287,30,339,79
281,28,331,75
279,32,327,77
279,33,326,77
276,31,323,75
263,41,307,83
237,39,280,80
237,33,280,74
253,21,295,61
283,26,324,65
289,37,329,75
293,43,331,79
302,79,336,111
303,97,336,128
300,102,333,133
277,74,309,104
271,65,303,95
269,66,300,95
275,59,306,88
277,54,308,83
280,49,311,78
282,53,313,82
291,60,321,89
306,52,337,82
318,50,349,80
333,50,363,79
330,46,360,75
317,43,347,72
312,47,342,76
314,58,343,86
317,69,346,97
320,70,349,98
314,52,344,80
313,41,343,69
322,43,352,71
333,50,363,78
330,46,361,75
325,43,357,73
325,71,357,101
329,86,362,117
332,96,365,127
329,88,363,120
324,78,358,110
315,64,349,96
304,56,338,88
299,65,333,97
299,73,333,105
292,79,325,110
284,73,316,104
279,68,312,100
275,61,309,93
275,63,308,94
276,66,310,98
279,73,313,105
283,84,317,116
281,82,315,114
278,82,313,115
275,83,310,116
264,77,299,110
249,65,286,100
247,70,284,105
245,93,283,129
245,110,283,146
245,133,283,169
244,129,282,165
246,127,284,163
251,160,291,198
254,176,296,216
252,170,294,210
252,148,295,189
253,153,297,195
251,161,296,204
248,163,293,206
235,151,281,195
231,143,278,187
232,138,280,183
240,134,289,180
236,118,285,164
230,102,278,147
223,76,271,121
225,72,272,116
221,67,269,112
210,60,259,106
183,42,234,90
168,41,219,89
164,43,215,91
160,46,211,94
156,51,207,99
171,52,222,100
180,58,232,107
202,60,254,109
211,52,263,101
232,33,284,82
234,37,284,84
226,38,275,84
193,10,243,57
177,-13,227,34
146,-21,196,26
139,-2,193,49
126,29,181,81
132,29,186,80
132,22,186,72
119,31,171,79
119,58,169,104
125,64,174,109
135,64,183,109
139,52,187,97
151,59,197,102
157,64,203,107
171,39,218,83
170,12,217,56
169,24,214,67
172,39,216,81
177,48,221,90
194,42,238,84
212,20,254,60
212,25,254,65
259,37,436,206
253,49,431,219
240,14,422,187
233,13,411,182
234,38,425,219
238,47,423,223
233,30,418,206
230,14,421,196
225,17,424,207
231,33,424,217
227,24,423,211
225,-1,426,191
231,8,427,195
258,50,438,222
264,55,433,216
249,48,410,201
256,69,411,216
278,100,423,237
231,48,266,81
226,30,261,63
163,-11,238,60
190,-12,296,88
186,4,299,110
177,-20,297,93
166,-46,299,79
186,-52,326,80
186,-41,329,94
201,9,341,141
194,18,333,149
165,-2,309,134
180,-21,336,126
195,-3,359,152
195,15,356,167
179,25,343,180
193,-2,374,169
188,6,369,177
175,24,368,206
167,24,368,214
159,15,366,211
157,10,370,212
159,0,385,214
167,-21,403,203
167,-24,405,202
175,-43,432,201
179,-51,438,195
180,-60,445,191
159,-84,452,193
152,-99,460,192
138,-122,460,183
134,-125,463,187
131,-128,467,190
244,292,261,308
NaN,NaN,NaN,NaN
NaN,NaN,NaN,NaN
NaN,NaN,NaN,NaN
NaN,NaN,NaN,NaN
360,72,421,129
NaN,NaN,NaN,NaN
NaN,NaN,NaN,NaN
NaN,NaN,NaN,NaN
NaN,NaN,NaN,NaN
378,105,451,174
376,141,449,210
378,118,455,190
385,35,458,104
376,130,396,149
378,111,398,130
385,103,405,122
399,98,419,117
402,90,422,109
386,19,474,102
407,15,497,100
417,12,510,100
411,15,505,104
NaN,NaN,NaN,NaN
NaN,NaN,NaN,NaN
NaN,NaN,NaN,NaN
NaN,NaN,NaN,NaN
NaN,NaN,NaN,NaN
NaN,NaN,NaN,NaN
NaN,NaN,NaN,NaN
NaN,NaN,NaN,NaN
NaN,NaN,NaN,NaN
333,66,368,99
333,78,368,111
335,84,370,117
334,89,369,122
331,88,366,121
322,82,357,115
317,77,353,111
307,68,342,101
307,57,342,90
310,47,345,80
308,20,343,53
313,11,348,44
318,11,353,44
321,25,354,56
321,39,352,68
315,58,345,87
311,60,341,89
307,77,337,106
301,93,331,122
285,106,315,135
266,98,296,127
257,92,287,121
239,95,269,124
231,109,261,138
230,112,261,142
231,114,262,144
233,130,265,161
234,137,266,168
235,138,267,169
243,132,275,163
256,134,288,165
270,138,302,169
269,127,302,159
256,116,289,148
259,120,292,152
257,125,290,157
266,128,299,160
250,89,283,121
226,45,262,79
210,78,244,110
208,127,242,159
208,136,242,168
231,144,266,177
252,153,287,186
262,147,298,181
266,135,303,170
273,113,310,148
286,109,323,144
297,110,335,146
298,112,336,148
305,116,343,152
308,120,346,156
320,117,359,154
321,112,360,149
321,107,360,144
318,97,357,134
314,93,353,130
307,102,346,139
306,108,345,145
306,122,346,160
306,137,346,175
312,167,354,207
313,181,355,221
321,204,364,245
315,215,359,257
319,215,364,258
323,208,369,252
305,165,353,211
307,125,355,171
281,74,330,121
280,56,330,104
282,59,332,107
294,67,344,115
312,43,364,93
325,34,379,86
328,42,383,95
330,52,386,106
323,21,381,76
320,15,379,71
319,20,377,75
319,32,376,86
318,34,376,89
317,25,375,80
313,14,372,70
313,17,373,74
311,16,373,75
306,13,369,73
291,-13,355,48
281,-29,346,33
276,66,296,85
284,60,304,79
296,63,314,80
305,67,323,84
334,87,351,103
339,91,356,107
341,90,358,106
340,120,357,136
324,18,385,75
331,-4,433,91
329,-17,437,84
341,-30,446,68
346,-29,451,69
353,-15,449,75
355,-16,449,72
362,-11,453,75
377,-7,462,73
379,-4,460,72
375,5,456,81
358,-3,453,86
NaN,NaN,NaN,NaN
NaN,NaN,NaN,NaN
NaN,NaN,NaN,NaN
NaN,NaN,NaN,NaN
316,24,358,64
296,8,338,48
299,-20,340,19
305,-19,348,21
323,7,367,48
NaN,NaN,NaN,NaN
NaN,NaN,NaN,NaN
320,28,362,68
317,26,360,67
324,27,368,69
331,29,375,71
341,18,385,60
337,0,381,42
280,-36,389,68
284,-46,395,60
256,-85,445,95
239,-99,456,108
233,-91,458,124
229,-56,436,142
219,-13,419,178
303,78,338,111
291,101,326,134
286,99,321,132
279,78,313,110
280,65,314,97
284,55,318,87
291,57,324,88
290,64,323,95
294,86,327,117
297,129,330,160
303,144,336,175
305,144,337,174
310,98,343,129
316,72,348,102
317,72,349,102
319,45,350,74
314,16,349,49
315,-7,352,28
314,-9,351,26
312,0,347,33
310,-3,346,31
158,-44,312,101
156,-41,312,106
151,-31,311,119
150,-25,308,124
145,-16,303,133
140,-6,298,143
139,-1,300,151
137,-13,302,143
148,-19,313,137
NaN,NaN,NaN,NaN
NaN,NaN,NaN,NaN
NaN,NaN,NaN,NaN
284,8,320,42
281,27,327,71
277,22,322,65
277,20,322,63
280,20,325,63
282,3,317,36
281,2,316,35
280,2,315,35
282,5,317,38
286,14,323,49
286,25,322,59
296,69,326,98
309,48,340,78
305,4,338,35
324,226,344,245
308,171,326,188
178,173,225,217
170,151,229,207
164,140,214,187
160,136,207,180
163,156,213,203
163,180,214,228
161,208,292,332
328,194,459,318
-559,-645,1347,1159
297,0,332,33
329,-31,424,58
329,-15,426,76
33,0,105,68
44,-4,116,64
34,-6,105,61
NaN,NaN,NaN,NaN
270,10,312,50
267,-6,310,35
269,-15,311,25
-127,-342,795,536
-127,-342,795,536
-127,-342,795,536
-133,-348,801,541
-153,-350,821,577
-184,-374,852,612
308,231,348,269
299,279,339,317
314,297,354,335
284,28,328,70
297,-5,343,39
368,63,528,216
356,63,566,264
380,96,571,279
387,103,563,272
386,102,563,272
386,102,563,272
386,102,563,272
367,78,593,295
382,101,579,291
370,91,588,301
380,87,574,274
405,102,594,284
398,109,581,285
417,137,626,338
417,137,626,338
366,0,427,57
376,8,438,66
375,0,436,57
376,-3,437,54
373,0,433,56
363,0,419,53
354,4,410,57
353,8,409,61
348,18,404,71
345,25,401,78
319,44,376,98
289,50,347,105
228,60,286,115
215,48,273,103
178,39,237,95
141,81,201,138
122,110,181,166
92,143,152,200
82,146,143,204
99,164,158,220
148,159,210,218
201,129,262,188
233,92,295,152
249,84,311,144
273,84,335,144
280,79,342,139
286,66,348,126
286,60,349,121
285,49,348,110
288,55,353,118
299,69,364,132
299,54,365,118
296,41,363,106
292,49,359,114
293,66,360,131
279,70,347,136
290,70,341,118
292,72,344,121
297,71,350,121
298,54,352,105
303,24,359,77
323,-28,383,28
360,-23,406,20
369,-28,415,15
NaN,NaN,NaN,NaN
NaN,NaN,NaN,NaN
NaN,NaN,NaN,NaN
NaN,NaN,NaN,NaN
NaN,NaN,NaN,NaN
NaN,NaN,NaN,NaN
360,0,421,57
309,73,360,120
317,66,363,109
315,57,359,98
306,39,346,76
302,40,341,76
290,56,329,92
276,77,311,110
254,44,290,77
245,29,280,61
225,46,256,75
208,48,247,84
211,34,247,67
217,32,253,65
224,33,260,66
232,31,265,62
238,24,272,56
239,21,273,53
223,13,255,43
218,19,249,48
229,56,270,94
239,76,279,113
272,20,314,60
260,12,302,52
254,2,296,42
251,7,293,47
251,7,293,47
NaN,NaN,NaN,NaN
NaN,NaN,NaN,NaN
NaN,NaN,NaN,NaN
NaN,NaN,NaN,NaN
250,0,285,33
248,4,290,44
247,3,289,43
245,-3,287,37
247,2,289,42
251,13,297,56
250,8,296,51
253,17,298,59
255,26,300,68
251,42,296,84
245,43,290,85
234,33,279,75
233,23,278,65
224,2,271,47
205,-4,252,41
185,-9,232,36
182,16,228,60
184,28,229,71
188,24,234,68
193,21,239,65
NaN,NaN,NaN,NaN
231,36,266,69
257,30,292,63
254,9,289,42
241,-26,297,26
249,-36,310,21
266,-41,336,25
262,-41,324,17
259,-34,319,22
NaN,NaN,NaN,NaN
NaN,NaN,NaN,NaN
NaN,NaN,NaN,NaN
226,268,246,287
NaN,NaN,NaN,NaN
NaN,NaN,NaN,NaN
NaN,NaN,NaN,NaN
NaN,NaN,NaN,NaN
NaN,NaN,NaN,NaN
NaN,NaN,NaN,NaN
NaN,NaN,NaN,NaN
NaN,NaN,NaN,NaN
NaN,NaN,NaN,NaN
NaN,NaN,NaN,NaN
NaN,NaN,NaN,NaN
250,10,301,58
-155,-110,242,263
-179,-114,226,266
-206,-128,240,291
-227,-137,255,316
-219,-166,263,287
-252,-194,289,314
-258,-203,318,338
-266,-210,344,363
284,80,326,120
284,65,327,106
280,66,323,107
280,72,324,114
274,85,318,127
268,66,313,109
283,28,330,73
317,-5,363,39
63,132,109,176
59,11,247,190
54,9,241,188
54,9,241,188
40,5,242,198
34,7,235,199
23,13,229,210
23,13,229,210
23,13,229,210
21,13,228,211
22,18,229,216
16,30,227,232
327,36,362,69
300,62,335,95
272,66,308,100
255,62,291,96
225,52,262,86
210,46,247,80
205,47,242,81
206,52,243,86
220,67,257,101
229,84,266,118
243,116,279,149
241,93,278,127
235,84,274,120
228,67,267,103
234,25,274,62
210,-8,323,96
218,10,330,113
223,30,329,128
222,33,325,128
222,34,323,127
62,-59,477,323
65,-57,475,320
66,-56,475,320
66,-56,475,320
68,-56,479,322
70,-56,481,322
69,-57,480,321
69,-58,480,320
69,-58,480,320
72,-58,483,320
76,-58,487,320
77,-58,489,321
79,-58,491,321
80,-58,493,322
80,-58,493,322
80,-58,493,322
81,-57,493,322
85,-56,497,323
87,-56,499,323
87,-56,499,323
88,-57,501,323
89,-57,502,323
90,-58,503,322
92,-58,504,321
92,-58,504,321
92,-58,504,321
92,-58,504,321
92,-58,504,321
91,-61,506,321
92,-61,507,321
92,-61,507,321
92,-61,507,321
92,-62,507,320
92,-62,507,320
92,-62,507,320
92,-62,507,320
91,-62,505,319
72,-62,485,318
62,-61,473,317
26,-62,440,319
7,-64,429,324
-27,-65,399,327
-54,-66,375,329
-76,-69,358,331
114,204,143,232
102,205,132,234
90,211,123,243
89,211,124,245
81,211,119,248
71,206,111,245
60,195,102,236
2,164,22,183
7,159,28,179
-46,17,79,136
-34,12,92,132
-21,7,107,129
-9,8,122,133
1,6,134,133
16,10,148,136
41,23,171,147
56,33,185,156
81,47,205,165
89,56,205,167
109,62,210,159
129,67,223,157
149,65,234,147
160,71,240,149
180,75,248,142
185,76,250,141
195,80,256,141
195,82,254,141
217,88,270,141
235,92,285,142
216,99,251,132
216,101,250,133
228,113,260,143
232,116,264,146
241,113,272,142
245,113,275,141
252,112,280,138
258,112,285,137
262,111,289,136
270,113,296,137
275,114,300,137
277,118,301,140
270,119,294,141
271,119,294,140
274,121,296,141
272,122,294,142
274,120,295,139
274,118,295,137
276,117,296,135
277,117,296,134
269,117,288,134
261,118,279,134
256,120,273,135
256,121,271,135
256,121,271,135
256,121,271,135
255,120,270,134
141,-5,412,248
163,16,390,228
163,21,390,233
149,2,388,225
148,1,388,225
152,5,398,235
156,2,408,237
158,-15,430,238
163,-25,441,233
161,-40,453,231
157,-37,451,235
148,-29,443,243
315,27,344,55
312,36,341,64
309,48,338,76
308,48,337,76
301,31,331,60
300,18,331,48
307,3,337,32
311,10,341,39
308,25,338,54
299,16,329,45
295,5,325,34
295,11,326,41
298,15,329,45
299,13,330,43
304,24,335,54
303,33,334,63
302,49,333,79
305,35,337,66
NaN,NaN,NaN,NaN
NaN,NaN,NaN,NaN
NaN,NaN,NaN,NaN
339,60,368,88
347,121,377,150
343,100,372,128
337,90,365,117
332,95,361,123
326,108,355,136
330,103,359,131
325,98,355,127
312,12,354,52
314,12,357,53
322,6,365,47
321,-7,366,36
323,-14,368,29
322,-20,368,24
322,-18,369,27
316,-13,361,30
304,1,349,44
NaN,NaN,NaN,NaN
NaN,NaN,NaN,NaN
NaN,NaN,NaN,NaN
NaN,NaN,NaN,NaN
NaN,NaN,NaN,NaN
NaN,NaN,NaN,NaN
NaN,NaN,NaN,NaN
NaN,NaN,NaN,NaN
NaN,NaN,NaN,NaN
NaN,NaN,NaN,NaN
NaN,NaN,NaN,NaN
NaN,NaN,NaN,NaN
NaN,NaN,NaN,NaN
NaN,NaN,NaN,NaN
NaN,NaN,NaN,NaN
378,0,424,44
376,8,418,48
372,9,413,48
384,16,426,56
368,36,414,80
374,32,420,76
358,30,402,73
372,45,417,89
370,45,415,89
369,35,414,79
369,35,414,79
227,-35,530,262
219,-43,538,270
149,-83,541,302
132,-100,558,319
376,204,396,223
386,180,409,202
379,196,408,224
NaN,NaN,NaN,NaN
NaN,NaN,NaN,NaN
NaN,NaN,NaN,NaN
NaN,NaN,NaN,NaN
NaN,NaN,NaN,NaN
NaN,NaN,NaN,NaN
NaN,NaN,NaN,NaN
NaN,NaN,NaN,NaN
NaN,NaN,NaN,NaN
NaN,NaN,NaN,NaN
NaN,NaN,NaN,NaN
NaN,NaN,NaN,NaN
320,36,362,76
NaN,NaN,NaN,NaN
NaN,NaN,NaN,NaN
NaN,NaN,NaN,NaN
NaN,NaN,NaN,NaN
NaN,NaN,NaN,NaN
NaN,NaN,NaN,NaN
NaN,NaN,NaN,NaN
NaN,NaN,NaN,NaN
NaN,NaN,NaN,NaN
NaN,NaN,NaN,NaN
NaN,NaN,NaN,NaN
NaN,NaN,NaN,NaN
NaN,NaN,NaN,NaN
NaN,NaN,NaN,NaN
NaN,NaN,NaN,NaN
NaN,NaN,NaN,NaN
NaN,NaN,NaN,NaN
NaN,NaN,NaN,NaN
NaN,NaN,NaN,NaN
NaN,NaN,NaN,NaN
NaN,NaN,NaN,NaN
NaN,NaN,NaN,NaN
NaN,NaN,NaN,NaN
NaN,NaN,NaN,NaN
NaN,NaN,NaN,NaN
NaN,NaN,NaN,NaN
NaN,NaN,NaN,NaN
NaN,NaN,NaN,NaN
NaN,NaN,NaN,NaN
NaN,NaN,NaN,NaN
NaN,NaN,NaN,NaN
NaN,NaN,NaN,NaN
NaN,NaN,NaN,NaN
NaN,NaN,NaN,NaN
NaN,NaN,NaN,NaN
NaN,NaN,NaN,NaN
NaN,NaN,NaN,NaN
NaN,NaN,NaN,NaN
NaN,NaN,NaN,NaN
NaN,NaN,NaN,NaN
NaN,NaN,NaN,NaN
NaN,NaN,NaN,NaN
NaN,NaN,NaN,NaN
NaN,NaN,NaN,NaN
NaN,NaN,NaN,NaN
NaN,NaN,NaN,NaN
NaN,NaN,NaN,NaN
NaN,NaN,NaN,NaN
NaN,NaN,NaN,NaN
NaN,NaN,NaN,NaN
NaN,NaN,NaN,NaN
NaN,NaN,NaN,NaN
NaN,NaN,NaN,NaN
NaN,NaN,NaN,NaN
NaN,NaN,NaN,NaN
NaN,NaN,NaN,NaN
NaN,NaN,NaN,NaN
NaN,NaN,NaN,NaN
NaN,NaN,NaN,NaN
NaN,NaN,NaN,NaN
NaN,NaN,NaN,NaN
NaN,NaN,NaN,NaN
NaN,NaN,NaN,NaN
NaN,NaN,NaN,NaN
282,248,299,264
NaN,NaN,NaN,NaN
NaN,NaN,NaN,NaN
NaN,NaN,NaN,NaN
296,252,313,268
NaN,NaN,NaN,NaN
NaN,NaN,NaN,NaN
NaN,NaN,NaN,NaN
438,10,458,29
NaN,NaN,NaN,NaN
NaN,NaN,NaN,NaN
NaN,NaN,NaN,NaN
NaN,NaN,NaN,NaN
NaN,NaN,NaN,NaN
NaN,NaN,NaN,NaN
NaN,NaN,NaN,NaN
NaN,NaN,NaN,NaN
NaN,NaN,NaN,NaN
NaN,NaN,NaN,NaN
NaN,NaN,NaN,NaN
NaN,NaN,NaN,NaN
NaN,NaN,NaN,NaN
NaN,NaN,NaN,NaN
NaN,NaN,NaN,NaN
NaN,NaN,NaN,NaN
NaN,NaN,NaN,NaN
NaN,NaN,NaN,NaN
NaN,NaN,NaN,NaN
NaN,NaN,NaN,NaN
NaN,NaN,NaN,NaN
NaN,NaN,NaN,NaN
NaN,NaN,NaN,NaN
NaN,NaN,NaN,NaN
NaN,NaN,NaN,NaN
NaN,NaN,NaN,NaN
NaN,NaN,NaN,NaN
NaN,NaN,NaN,NaN
NaN,NaN,NaN,NaN
NaN,NaN,NaN,NaN
NaN,NaN,NaN,NaN
NaN,NaN,NaN,NaN
NaN,NaN,NaN,NaN
NaN,NaN,NaN,NaN
NaN,NaN,NaN,NaN
NaN,NaN,NaN,NaN
NaN,NaN,NaN,NaN
NaN,NaN,NaN,NaN
NaN,NaN,NaN,NaN
NaN,NaN,NaN,NaN
NaN,NaN,NaN,NaN
NaN,NaN,NaN,NaN
NaN,NaN,NaN,NaN
NaN,NaN,NaN,NaN
NaN,NaN,NaN,NaN
NaN,NaN,NaN,NaN
NaN,NaN,NaN,NaN
156,42,217,99
NaN,NaN,NaN,NaN
NaN,NaN,NaN,NaN
NaN,NaN,NaN,NaN
NaN,NaN,NaN,NaN
NaN,NaN,NaN,NaN
NaN,NaN,NaN,NaN
NaN,NaN,NaN,NaN
NaN,NaN,NaN,NaN
NaN,NaN,NaN,NaN
NaN,NaN,NaN,NaN
NaN,NaN,NaN,NaN
NaN,NaN,NaN,NaN
NaN,NaN,NaN,NaN
NaN,NaN,NaN,NaN
133,21,206,90
145,20,220,91
150,21,224,91
154,14,228,84
155,10,229,80
156,13,230,83
162,14,237,85
170,11,245,82
179,14,254,85
180,16,257,89
179,7,258,82
NaN,NaN,NaN,NaN
NaN,NaN,NaN,NaN
NaN,NaN,NaN,NaN
NaN,NaN,NaN,NaN
NaN,NaN,NaN,NaN
NaN,NaN,NaN,NaN
198,192,227,220
208,214,232,237
217,230,239,251
248,198,268,217
282,195,300,212
303,230,321,247
215,112,479,362
205,122,491,392
336,48,424,131
338,56,425,138
341,56,426,136
345,60,431,140
343,66,431,147
338,87,425,167
322,87,411,169
299,81,383,159
304,32,391,113
324,19,419,108
343,17,444,112
353,15,459,114
367,8,482,115
399,22,527,141
397,42,534,169
375,50,515,180
365,45,508,178
367,25,526,173
382,13,547,166
379,1,549,159
386,5,578,183
390,9,585,190
397,-32,603,159
402,-38,621,165
372,258,389,274
347,204,483,332
366,207,496,330
342,158,523,329
353,100,606,339
348,96,589,323
344,102,585,329
424,188,448,211
417,189,445,216
391,165,454,226
393,165,456,226
416,183,471,236
436,182,477,222
435,184,485,233
426,181,489,243
389,207,460,277
360,195,442,276
344,184,428,267
337,170,420,252
323,148,404,228
310,129,398,216
315,120,406,210
316,136,406,225
309,131,424,245
318,176,432,289
314,200,432,317
313,205,427,318
296,177,411,291
295,159,410,273
306,145,420,258
323,145,435,256
323,145,435,256
340,146,451,256
340,159,451,269
341,165,449,272
353,154,461,261
371,133,477,238
376,126,484,233
395,118,500,222
399,108,513,221
414,113,521,219
NaN,NaN,NaN,NaN
NaN,NaN,NaN,NaN
NaN,NaN,NaN,NaN
NaN,NaN,NaN,NaN
NaN,NaN,NaN,NaN
NaN,NaN,NaN,NaN
NaN,NaN,NaN,NaN
NaN,NaN,NaN,NaN
NaN,NaN,NaN,NaN
NaN,NaN,NaN,NaN
NaN,NaN,NaN,NaN
NaN,NaN,NaN,NaN
NaN,NaN,NaN,NaN
NaN,NaN,NaN,NaN
NaN,NaN,NaN,NaN
NaN,NaN,NaN,NaN
NaN,NaN,NaN,NaN
NaN,NaN,NaN,NaN
NaN,NaN,NaN,NaN
NaN,NaN,NaN,NaN
NaN,NaN,NaN,NaN
NaN,NaN,NaN,NaN
NaN,NaN,NaN,NaN
NaN,NaN,NaN,NaN
NaN,NaN,NaN,NaN
NaN,NaN,NaN,NaN
NaN,NaN,NaN,NaN
NaN,NaN,NaN,NaN
NaN,NaN,NaN,NaN
NaN,NaN,NaN,NaN
NaN,NaN,NaN,NaN
NaN,NaN,NaN,NaN
NaN,NaN,NaN,NaN
NaN,NaN,NaN,NaN
NaN,NaN,NaN,NaN
NaN,NaN,NaN,NaN
NaN,NaN,NaN,NaN
NaN,NaN,NaN,NaN
NaN,NaN,NaN,NaN
422,248,442,267
NaN,NaN,NaN,NaN
NaN,NaN,NaN,NaN
NaN,NaN,NaN,NaN
NaN,NaN,NaN,NaN
NaN,NaN,NaN,NaN
NaN,NaN,NaN,NaN
NaN,NaN,NaN,NaN
NaN,NaN,NaN,NaN
NaN,NaN,NaN,NaN
NaN,NaN,NaN,NaN
NaN,NaN,NaN,NaN
NaN,NaN,NaN,NaN
NaN,NaN,NaN,NaN
NaN,NaN,NaN,NaN
NaN,NaN,NaN,NaN
NaN,NaN,NaN,NaN
NaN,NaN,NaN,NaN
NaN,NaN,NaN,NaN
NaN,NaN,NaN,NaN
NaN,NaN,NaN,NaN
NaN,NaN,NaN,NaN
NaN,NaN,NaN,NaN
NaN,NaN,NaN,NaN
NaN,NaN,NaN,NaN
NaN,NaN,NaN,NaN
NaN,NaN,NaN,NaN
NaN,NaN,NaN,NaN
NaN,NaN,NaN,NaN
NaN,NaN,NaN,NaN
NaN,NaN,NaN,NaN
NaN,NaN,NaN,NaN
NaN,NaN,NaN,NaN
NaN,NaN,NaN,NaN
NaN,NaN,NaN,NaN
NaN,NaN,NaN,NaN
NaN,NaN,NaN,NaN
NaN,NaN,NaN,NaN
NaN,NaN,NaN,NaN
NaN,NaN,NaN,NaN
NaN,NaN,NaN,NaN
NaN,NaN,NaN,NaN
NaN,NaN,NaN,NaN
NaN,NaN,NaN,NaN
NaN,NaN,NaN,NaN
NaN,NaN,NaN,NaN
NaN,NaN,NaN,NaN
NaN,NaN,NaN,NaN
NaN,NaN,NaN,NaN
NaN,NaN,NaN,NaN
NaN,NaN,NaN,NaN
NaN,NaN,NaN,NaN
NaN,NaN,NaN,NaN
NaN,NaN,NaN,NaN
NaN,NaN,NaN,NaN
NaN,NaN,NaN,NaN
NaN,NaN,NaN,NaN
NaN,NaN,NaN,NaN
NaN,NaN,NaN,NaN
NaN,NaN,NaN,NaN
NaN,NaN,NaN,NaN
NaN,NaN,NaN,NaN
NaN,NaN,NaN,NaN
NaN,NaN,NaN,NaN
NaN,NaN,NaN,NaN
NaN,NaN,NaN,NaN
NaN,NaN,NaN,NaN
NaN,NaN,NaN,NaN
NaN,NaN,NaN,NaN
NaN,NaN,NaN,NaN
NaN,NaN,NaN,NaN
NaN,NaN,NaN,NaN
NaN,NaN,NaN,NaN
NaN,NaN,NaN,NaN
NaN,NaN,NaN,NaN
NaN,NaN,NaN,NaN
NaN,NaN,NaN,NaN
NaN,NaN,NaN,NaN
NaN,NaN,NaN,NaN
NaN,NaN,NaN,NaN
NaN,NaN,NaN,NaN
NaN,NaN,NaN,NaN
NaN,NaN,NaN,NaN
NaN,NaN,NaN,NaN
NaN,NaN,NaN,NaN
NaN,NaN,NaN,NaN
NaN,NaN,NaN,NaN
NaN,NaN,NaN,NaN
NaN,NaN,NaN,NaN
NaN,NaN,NaN,NaN
NaN,NaN,NaN,NaN
NaN,NaN,NaN,NaN
NaN,NaN,NaN,NaN
NaN,NaN,NaN,NaN
NaN,NaN,NaN,NaN
NaN,NaN,NaN,NaN
NaN,NaN,NaN,NaN
NaN,NaN,NaN,NaN
NaN,NaN,NaN,NaN
NaN,NaN,NaN,NaN
NaN,NaN,NaN,NaN
NaN,NaN,NaN,NaN
NaN,NaN,NaN,NaN
NaN,NaN,NaN,NaN
NaN,NaN,NaN,NaN
NaN,NaN,NaN,NaN
NaN,NaN,NaN,NaN
NaN,NaN,NaN,NaN
NaN,NaN,NaN,NaN
NaN,NaN,NaN,NaN
NaN,NaN,NaN,NaN
NaN,NaN,NaN,NaN
NaN,NaN,NaN,NaN
NaN,NaN,NaN,NaN
NaN,NaN,NaN,NaN
NaN,NaN,NaN,NaN
NaN,NaN,NaN,NaN
NaN,NaN,NaN,NaN
NaN,NaN,NaN,NaN
NaN,NaN,NaN,NaN
NaN,NaN,NaN,NaN
NaN,NaN,NaN,NaN
NaN,NaN,NaN,NaN
NaN,NaN,NaN,NaN
NaN,NaN,NaN,NaN
NaN,NaN,NaN,NaN
NaN,NaN,NaN,NaN
NaN,NaN,NaN,NaN
NaN,NaN,NaN,NaN
NaN,NaN,NaN,NaN
NaN,NaN,NaN,NaN
NaN,NaN,NaN,NaN
NaN,NaN,NaN,NaN
NaN,NaN,NaN,NaN
NaN,NaN,NaN,NaN
NaN,NaN,NaN,NaN
NaN,NaN,NaN,NaN
NaN,NaN,NaN,NaN
NaN,NaN,NaN,NaN
408,22,432,45
411,12,440,40
407,4,437,33
402,7,433,37
397,29,431,61
398,24,434,58
412,8,456,49
194,60,211,76
180,61,201,81
171,69,195,92
161,70,187,95
138,76,173,110
108,80,162,132
86,86,149,147
314,276,334,295
332,245,352,264
319,172,336,188
314,137,330,152
163,-10,396,208
172,-68,414,159
177,-82,409,135
181,-92,408,121
182,-81,412,135
158,-51,460,233
133,-26,500,320
133,-3,512,354
135,4,503,350
121,20,477,355
103,26,457,359
96,27,448,358
75,31,441,375
46,38,455,422
27,32,475,453
16,43,506,503
-7,28,531,533
-82,-12,570,600
-158,-31,582,664
NaN,NaN,NaN,NaN
NaN,NaN,NaN,NaN
NaN,NaN,NaN,NaN
NaN,NaN,NaN,NaN
NaN,NaN,NaN,NaN
NaN,NaN,NaN,NaN
NaN,NaN,NaN,NaN
NaN,NaN,NaN,NaN
NaN,NaN,NaN,NaN
NaN,NaN,NaN,NaN
NaN,NaN,NaN,NaN
NaN,NaN,NaN,NaN
NaN,NaN,NaN,NaN
NaN,NaN,NaN,NaN
NaN,NaN,NaN,NaN
NaN,NaN,NaN,NaN
NaN,NaN,NaN,NaN
NaN,NaN,NaN,NaN
NaN,NaN,NaN,NaN
NaN,NaN,NaN,NaN
NaN,NaN,NaN,NaN
NaN,NaN,NaN,NaN
NaN,NaN,NaN,NaN
NaN,NaN,NaN,NaN
NaN,NaN,NaN,NaN
NaN,NaN,NaN,NaN
NaN,NaN,NaN,NaN
NaN,NaN,NaN,NaN
NaN,NaN,NaN,NaN
NaN,NaN,NaN,NaN
NaN,NaN,NaN,NaN
NaN,NaN,NaN,NaN
NaN,NaN,NaN,NaN
NaN,NaN,NaN,NaN
NaN,NaN,NaN,NaN
NaN,NaN,NaN,NaN
NaN,NaN,NaN,NaN
NaN,NaN,NaN,NaN
NaN,NaN,NaN,NaN
NaN,NaN,NaN,NaN
NaN,NaN,NaN,NaN
NaN,NaN,NaN,NaN
NaN,NaN,NaN,NaN
NaN,NaN,NaN,NaN
NaN,NaN,NaN,NaN
396,254,413,270
400,242,417,258
408,208,426,225
405,143,423,160
NaN,NaN,NaN,NaN
NaN,NaN,NaN,NaN
NaN,NaN,NaN,NaN
NaN,NaN,NaN,NaN
NaN,NaN,NaN,NaN
NaN,NaN,NaN,NaN
NaN,NaN,NaN,NaN
NaN,NaN,NaN,NaN
NaN,NaN,NaN,NaN
NaN,NaN,NaN,NaN
NaN,NaN,NaN,NaN
NaN,NaN,NaN,NaN
NaN,NaN,NaN,NaN
NaN,NaN,NaN,NaN
NaN,NaN,NaN,NaN
NaN,NaN,NaN,NaN
NaN,NaN,NaN,NaN
NaN,NaN,NaN,NaN
NaN,NaN,NaN,NaN
NaN,NaN,NaN,NaN
NaN,NaN,NaN,NaN
NaN,NaN,NaN,NaN
NaN,NaN,NaN,NaN
NaN,NaN,NaN,NaN
NaN,NaN,NaN,NaN
NaN,NaN,NaN,NaN
368,286,385,302
NaN,NaN,NaN,NaN
NaN,NaN,NaN,NaN
NaN,NaN,NaN,NaN
NaN,NaN,NaN,NaN
NaN,NaN,NaN,NaN
NaN,NaN,NaN,NaN
NaN,NaN,NaN,NaN
NaN,NaN,NaN,NaN
NaN,NaN,NaN,NaN
NaN,NaN,NaN,NaN
NaN,NaN,NaN,NaN
NaN,NaN,NaN,NaN
NaN,NaN,NaN,NaN
NaN,NaN,NaN,NaN
NaN,NaN,NaN,NaN
NaN,NaN,NaN,NaN
NaN,NaN,NaN,NaN
NaN,NaN,NaN,NaN
NaN,NaN,NaN,NaN
NaN,NaN,NaN,NaN
NaN,NaN,NaN,NaN
NaN,NaN,NaN,NaN
NaN,NaN,NaN,NaN
NaN,NaN,NaN,NaN
NaN,NaN,NaN,NaN
NaN,NaN,NaN,NaN
NaN,NaN,NaN,NaN
NaN,NaN,NaN,NaN
NaN,NaN,NaN,NaN
NaN,NaN,NaN,NaN
NaN,NaN,NaN,NaN
NaN,NaN,NaN,NaN
NaN,NaN,NaN,NaN
NaN,NaN,NaN,NaN
NaN,NaN,NaN,NaN
NaN,NaN,NaN,NaN
NaN,NaN,NaN,NaN
NaN,NaN,NaN,NaN
NaN,NaN,NaN,NaN
NaN,NaN,NaN,NaN
NaN,NaN,NaN,NaN
NaN,NaN,NaN,NaN
NaN,NaN,NaN,NaN
NaN,NaN,NaN,NaN
NaN,NaN,NaN,NaN
NaN,NaN,NaN,NaN
NaN,NaN,NaN,NaN
NaN,NaN,NaN,NaN
NaN,NaN,NaN,NaN
NaN,NaN,NaN,NaN
NaN,NaN,NaN,NaN
NaN,NaN,NaN,NaN
NaN,NaN,NaN,NaN
NaN,NaN,NaN,NaN
NaN,NaN,NaN,NaN
NaN,NaN,NaN,NaN
NaN,NaN,NaN,NaN
NaN,NaN,NaN,NaN
NaN,NaN,NaN,NaN
NaN,NaN,NaN,NaN
NaN,NaN,NaN,NaN
NaN,NaN,NaN,NaN
NaN,NaN,NaN,NaN
NaN,NaN,NaN,NaN
NaN,NaN,NaN,NaN
NaN,NaN,NaN,NaN
NaN,NaN,NaN,NaN
NaN,NaN,NaN,NaN
NaN,NaN,NaN,NaN
NaN,NaN,NaN,NaN
NaN,NaN,NaN,NaN
332,280,349,296
NaN,NaN,NaN,NaN
334,228,354,247
261,178,420,329
266,175,413,315
273,182,406,308
273,186,407,313
193,233,327,360
NaN,NaN,NaN,NaN
NaN,NaN,NaN,NaN
NaN,NaN,NaN,NaN
NaN,NaN,NaN,NaN
NaN,NaN,NaN,NaN
NaN,NaN,NaN,NaN
NaN,NaN,NaN,NaN
NaN,NaN,NaN,NaN
NaN,NaN,NaN,NaN
NaN,NaN,NaN,NaN
NaN,NaN,NaN,NaN
NaN,NaN,NaN,NaN
NaN,NaN,NaN,NaN
NaN,NaN,NaN,NaN
NaN,NaN,NaN,NaN
NaN,NaN,NaN,NaN
NaN,NaN,NaN,NaN
NaN,NaN,NaN,NaN
NaN,NaN,NaN,NaN
NaN,NaN,NaN,NaN
NaN,NaN,NaN,NaN
NaN,NaN,NaN,NaN
NaN,NaN,NaN,NaN
NaN,NaN,NaN,NaN
NaN,NaN,NaN,NaN
NaN,NaN,NaN,NaN
NaN,NaN,NaN,NaN
NaN,NaN,NaN,NaN
NaN,NaN,NaN,NaN
NaN,NaN,NaN,NaN
NaN,NaN,NaN,NaN
NaN,NaN,NaN,NaN
NaN,NaN,NaN,NaN
NaN,NaN,NaN,NaN
NaN,NaN,NaN,NaN
NaN,NaN,NaN,NaN
NaN,NaN,NaN,NaN
NaN,NaN,NaN,NaN
NaN,NaN,NaN,NaN
NaN,NaN,NaN,NaN
NaN,NaN,NaN,NaN
NaN,NaN,NaN,NaN
NaN,NaN,NaN,NaN
NaN,NaN,NaN,NaN
NaN,NaN,NaN,NaN
NaN,NaN,NaN,NaN
NaN,NaN,NaN,NaN
NaN,NaN,NaN,NaN
NaN,NaN,NaN,NaN
NaN,NaN,NaN,NaN
NaN,NaN,NaN,NaN
NaN,NaN,NaN,NaN
NaN,NaN,NaN,NaN
NaN,NaN,NaN,NaN
NaN,NaN,NaN,NaN
NaN,NaN,NaN,NaN
NaN,NaN,NaN,NaN
NaN,NaN,NaN,NaN
NaN,NaN,NaN,NaN
NaN,NaN,NaN,NaN
NaN,NaN,NaN,NaN
NaN,NaN,NaN,NaN
NaN,NaN,NaN,NaN
NaN,NaN,NaN,NaN
NaN,NaN,NaN,NaN
NaN,NaN,NaN,NaN
NaN,NaN,NaN,NaN
NaN,NaN,NaN,NaN
NaN,NaN,NaN,NaN
NaN,NaN,NaN,NaN
NaN,NaN,NaN,NaN
NaN,NaN,NaN,NaN
NaN,NaN,NaN,NaN
NaN,NaN,NaN,NaN
NaN,NaN,NaN,NaN
NaN,NaN,NaN,NaN
NaN,NaN,NaN,NaN
NaN,NaN,NaN,NaN
NaN,NaN,NaN,NaN
NaN,NaN,NaN,NaN
NaN,NaN,NaN,NaN
NaN,NaN,NaN,NaN
NaN,NaN,NaN,NaN
NaN,NaN,NaN,NaN
NaN,NaN,NaN,NaN
NaN,NaN,NaN,NaN
NaN,NaN,NaN,NaN
NaN,NaN,NaN,NaN
NaN,NaN,NaN,NaN
NaN,NaN,NaN,NaN
NaN,NaN,NaN,NaN
NaN,NaN,NaN,NaN
NaN,NaN,NaN,NaN
NaN,NaN,NaN,NaN
NaN,NaN,NaN,NaN
NaN,NaN,NaN,NaN
NaN,NaN,NaN,NaN
NaN,NaN,NaN,NaN
NaN,NaN,NaN,NaN
NaN,NaN,NaN,NaN
NaN,NaN,NaN,NaN
NaN,NaN,NaN,NaN
NaN,NaN,NaN,NaN
NaN,NaN,NaN,NaN
NaN,NaN,NaN,NaN
NaN,NaN,NaN,NaN
NaN,NaN,NaN,NaN
NaN,NaN,NaN,NaN
NaN,NaN,NaN,NaN
NaN,NaN,NaN,NaN
NaN,NaN,NaN,NaN
NaN,NaN,NaN,NaN
NaN,NaN,NaN,NaN
NaN,NaN,NaN,NaN
NaN,NaN,NaN,NaN
NaN,NaN,NaN,NaN
NaN,NaN,NaN,NaN
NaN,NaN,NaN,NaN
NaN,NaN,NaN,NaN
NaN,NaN,NaN,NaN
NaN,NaN,NaN,NaN
NaN,NaN,NaN,NaN
NaN,NaN,NaN,NaN
NaN,NaN,NaN,NaN
NaN,NaN,NaN,NaN
NaN,NaN,NaN,NaN
NaN,NaN,NaN,NaN
NaN,NaN,NaN,NaN
NaN,NaN,NaN,NaN
NaN,NaN,NaN,NaN
NaN,NaN,NaN,NaN
NaN,NaN,NaN,NaN
NaN,NaN,NaN,NaN
NaN,NaN,NaN,NaN
NaN,NaN,NaN,NaN
NaN,NaN,NaN,NaN
NaN,NaN,NaN,NaN
NaN,NaN,NaN,NaN
NaN,NaN,NaN,NaN
NaN,NaN,NaN,NaN
NaN,NaN,NaN,NaN
NaN,NaN,NaN,NaN
NaN,NaN,NaN,NaN
NaN,NaN,NaN,NaN
NaN,NaN,NaN,NaN
NaN,NaN,NaN,NaN
NaN,NaN,NaN,NaN
NaN,NaN,NaN,NaN
NaN,NaN,NaN,NaN
NaN,NaN,NaN,NaN
NaN,NaN,NaN,NaN
NaN,NaN,NaN,NaN
NaN,NaN,NaN,NaN
NaN,NaN,NaN,NaN
NaN,NaN,NaN,NaN
NaN,NaN,NaN,NaN
NaN,NaN,NaN,NaN
NaN,NaN,NaN,NaN
NaN,NaN,NaN,NaN
NaN,NaN,NaN,NaN
NaN,NaN,NaN,NaN
NaN,NaN,NaN,NaN
NaN,NaN,NaN,NaN
NaN,NaN,NaN,NaN
NaN,NaN,NaN,NaN
NaN,NaN,NaN,NaN
NaN,NaN,NaN,NaN
NaN,NaN,NaN,NaN
NaN,NaN,NaN,NaN
NaN,NaN,NaN,NaN
NaN,NaN,NaN,NaN
NaN,NaN,NaN,NaN
NaN,NaN,NaN,NaN
NaN,NaN,NaN,NaN
NaN,NaN,NaN,NaN
NaN,NaN,NaN,NaN
NaN,NaN,NaN,NaN
NaN,NaN,NaN,NaN
NaN,NaN,NaN,NaN
NaN,NaN,NaN,NaN
NaN,NaN,NaN,NaN
NaN,NaN,NaN,NaN
NaN,NaN,NaN,NaN
NaN,NaN,NaN,NaN
NaN,NaN,NaN,NaN
NaN,NaN,NaN,NaN
NaN,NaN,NaN,NaN
NaN,NaN,NaN,NaN
NaN,NaN,NaN,NaN
NaN,NaN,NaN,NaN
NaN,NaN,NaN,NaN
NaN,NaN,NaN,NaN
NaN,NaN,NaN,NaN
NaN,NaN,NaN,NaN
NaN,NaN,NaN,NaN
NaN,NaN,NaN,NaN
NaN,NaN,NaN,NaN
NaN,NaN,NaN,NaN
244,266,261,282
NaN,NaN,NaN,NaN
NaN,NaN,NaN,NaN
NaN,NaN,NaN,NaN
NaN,NaN,NaN,NaN
NaN,NaN,NaN,NaN
NaN,NaN,NaN,NaN
NaN,NaN,NaN,NaN
